#
# These data were created from data of trees in the Ginkakuzi-san National Forest.
#
# The true density was 0.2427 trees/m^2 (trees living in 2014).
#
# Itô H (2017) Time series data of a broadleaved secondary forest in Japan
# as affected by deer and mass mortality of oak trees.
# Biodiversity Data Journal 5: e11732.
# https://doi.org/10.3897/BDJ.5.e11732
# https://doi.org/10.5061/dryad.7f399

n <-
3L
r <-
structure(c(2.84, 2, 4.31, 2.21, 3.86, 8.9, 1.2, 3.39, 2.77, 
2.12, 4.4, 4.2, 11.99, 5.88, 3.21, 4.1, 6.72, 5.69, 4.54, 2.6, 
5.27, 4.46, 2.62, 2.42, 3.2, 3.46, 2.4, 0.76, 4.11, 2.72, 2.86, 
2.72, 4.36, 5.28, 4.83, 3.67, 3.81, 4.75, 8.68, 5.61, 8.75, 5.35, 
3.75, 2.64, 2.11, 1.16, 3.14, 3.57, 0.61, 5.12, 1.75, 5.58, 3.2, 
3.89, 2.77, 3.03, 6.78, 0.91, 5.13, 1.91, 6.5, 6.88, 3.79, 3.18, 
4.21, 1.77, 4.68, 3.49, 3.33, 4.67, 2.21, 3.1, 3.83, 2.02, 4.16, 
4.9, 5.26, 13.69, 8.22, 5.28, 8.7, 4.63, 6.3, 5.83, 3.73, 2.32, 
2.52, 1.22, 3.01, 3.11, 4, 4.96, 5.37, 12.52, 4.46, 4.92, 10.51, 
2.94, 4.7, 1.8, 5.86, 7.23, 4.34, 7.64, 7.55, 2.34, 2.31, 6.89, 
6.38, 4, 9.4, 4.9, 5.16, 4.39, 2.91, 9.53, 15.48, 6.13, 3.23, 
6, 4.5, 5.73, 5.66, 4.3, 5.82, 4.3, 3.34, 2.57, 4.5, 3.37, 3.93, 
4.46, 5.53, 2.6, 4.29, 4.17, 4.52, 3.9, 3.57, 5.56, 5.31, 4.48, 
8.08, 3.79, 3.81, 8.62, 0.81, 2.04, 2.06, 3.75, 4.36, 3.27, 1.36, 
3.29, 4.04, 4.16, 3.47, 4.66, 5.3, 3.61, 5.35, 3.57, 5.1, 5.83, 
8.38, 3, 6.67, 5.13, 1.43, 2.64, 2.87, 2.02, 3.1, 3.34, 4.63, 
4.83, 3.72, 2.5, 3.54, 4.12, 6.24, 10.95, 2.15, 6.49, 7.96, 6.65, 
7.43, 7.66, 2.64, 3.55, 3.6, 3.6, 2.82, 4.83, 6, 3.82, 1.1, 13.08, 
7.15, 2.34, 8.42, 8.73, 6.72, 4.41, 1.73, 5, 7.56, 4.98, 7.27, 
4.47, 6.3, 3.18, 4.52, 2.12, 3.61, 2.41, 4.76, 3.55, 4.17, 4.68, 
5.61, 8.32, 6.38, 4.15, 5.61, 4.89, 5.22, 6.35, 6.96, 8.49, 9.63, 
1.89, 4.16, 3.73, 3.83, 4.71, 2.9, 4.24, 5.68, 2.27, 3.22, 3.48, 
4.67, 3.34, 4.71, 4.95, 2.58, 4.24, 3.4, 7.81, 5.3, 6.34, 1.3, 
2.52, 3.36, 3.31, 4, 3.23, 4.85, 1.72, 4.43, 2.57, 1.36, 4.46, 
4.24, 12.7, 6.65, 4.2, 10.25, 8.65, 5.18, 8.36, 7.74, 3.1, 2.62, 
5.36, 4.11, 2.72, 3.91, 3.86, 3.37, 11.82, 6.11, 3.01, 3.94, 
4.9, 8.13, 5.55, 2.42, 9.81, 7.37, 4.59, 5.3, 2.48, 5.28, 4.9, 
3.64, 3.2, 6.31, 1.8, 3.59, 3.52, 16, 6.28, 7.34, 13.58, 4.05, 
4.98, 4.88, 9.93, 5.46, 3.48, 8.24, 14.85, 6.58, 2.78, 3.08, 
4.57, 2.41, 4.05, 4.98, 3.33, 3.84, 4.6, 5.1, 4.81, 5.24, 4.88, 
5.22, 3.64, 3.58, 4.69, 4.62, 4.41, 10.51, 6.78, 2.4, 1.27, 5.28, 
2.77, 4.69, 3.21, 2.7, 3.73, 1.98, 3.23, 1.55, 5.06, 3.91, 4.19, 
3.65, 3.13, 5.41, 7.32, 2.21, 3.3, 6.07, 2.33, 3.53, 4.31, 2.69, 
1.94, 3.72, 1.34, 2.88, 2.78, 3.6, 5.39, 4.2, 3.36, 6.67, 14.85, 
3.4, 3.72, 9.24, 8.45, 1.84, 2.91, 3.22, 4.03, 4.75, 4.34, 2.98, 
3.41, 4.39, 2.82, 3.54, 12.28, 3.12, 3.44, 7.18, 5.1, 7.36, 3.41, 
6.02, 11.18, 4.33, 1.32, 7.17, 2.83, 9.16, 1.98, 4.27, 3.04, 
3.81, 1.9, 3.1, 3.18, 13.11, 0.85, 6.99, 16.94, 3.05, 2.21, 2.22, 
4.61, 6.58, 7.62, 8.18, 14.34), .Dim = c(105L, 4L))
